0.0189311887020607	-0.0172933620107530	3.13743275240463	3.13165249848384
-0.177855422073218	0.305164160042998	3.14299739628698	3.15304499699909
-0.855823587298621	1.31089768081082	3.12854919548352	3.18955812772083
-2.39814079794664	3.42591271334478	3.03491604538981	3.30608527023101
-1.88353821583942	2.23403468884777	2.93879914696338	3.45890081247323
-0.417035815859196	-0.164146315108801	2.85896601518030	3.50753405949278
-0.952615986356200	-0.0722037021572899	2.83058923901414	3.47917241411317
-1.47316339396030	-0.0324387215288927	2.76429527320803	3.49763611614848
-1.00132993917338	-1.12741632103708	2.70060275925381	3.47118556973441
-1.49725686173870	-1.12429827755124	2.63415569748771	3.43627800226306
-1.40143034523352	-1.65588856743563	2.59290761576698	3.36491259708302
-0.373561072544645	-3.05163619302766	2.51772083879127	3.23966773440125
-0.377970099391098	-3.07040274279342	2.49649004496691	3.06619948775610
1.76900961721782	-5.72332618098821	2.55902377169645	2.84812208949639
3.38289727260035	-7.47446786220518	2.66924310326087	2.50858689250963
2.54903238610251	-5.02788368447858	2.81494203780556	2.18666544925702
1.91770376711427	-2.86941548455367	2.93941653196741	1.99919255532820
1.72564115632879	-1.10897512324245	3.04209699617542	1.88186915401928
1.62249274838841	0.526455206822647	3.11100646963626	1.88568406414152
1.54271501190022	2.14185641998967	3.19283173770167	1.95285085858650
0.740919532747744	4.01882940033058	3.26069586678303	2.12645793102852
-0.591079786955370	6.19292350969080	3.26050012601964	2.34855077402429
-3.32028828469381	10.4243134026981	3.16564503275383	2.74163310337761
-4.81764525146597	12.6318182503344	2.92867823028448	3.37252131603622
-2.22773359701584	8.65277084285338	2.77315204604845	3.91188423328921
0.00960329535499883	6.64794872272447	2.72513354197117	4.30354808862978
0.0331504593405544	5.20522388809708	2.72645245035676	4.58355472864615
0.0763350518588027	3.74479597735589	2.71738888320313	4.80056756349005
1.57613907744700	3.50959439149255	2.74961171229724	4.97703811093544
0.988168201202183	1.45894841955142	2.81955407729493	5.11798457189224
1.71580410036723	0.763062623014033	2.90043903071739	5.16607395378467
1.36502435788720	-1.03231352461415	2.95490868614862	5.18062191768567
0.386524480026401	-3.22756382328308	3.01327951736393	5.04019428102639
0.889667855084660	-4.41720308833111	3.04335334192041	4.85015566939163
2.17692299271860	-5.90360774422167	3.10156452677556	4.60475637123098
2.45034434346547	-7.83831047121975	3.23431183107255	4.26080144160966
4.88807736109894	-12.3240209973365	3.41702811983071	3.77232583245921
2.59265694462746	-9.44174697594193	3.60068172433147	3.17653425331822
0.815119720174659	-7.05574705377040	3.70787758449495	2.78659066186698
0.0243988455501256	-5.74984623707057	3.71000336776574	2.47555340306080
-0.224150497949450	-4.59412235555179	3.72379043260710	2.19475495262182
-1.24515782749360	-3.33559581309156	3.68230532362243	2.00787514843845
-2.33798811024186	-1.90569485285135	3.58248743876546	1.86841423459253
-1.80831234662811	-0.0652462538152122	3.48240892122883	1.83330979876703
-1.21316493585162	1.55913924681031	3.39099326756363	1.85554498259710
-1.56452151451407	3.13468001544776	3.34237212851114	1.99736385656110
-1.51301267402279	4.57641218212287	3.25057623419820	2.16797090882435
-3.67326132154638	8.07980323550431	3.14669702470838	2.47238842830441
-5.76504875975014	12.0061146590865	2.89690363818755	3.00415330378150
-2.83786860193544	7.43034792311821	2.68451498097982	3.49029768091285
-2.32185398563366	5.90486451024004	2.52990622971934	3.80227707341679
-0.826640199114332	4.35495727722532	2.47979464003793	4.07884541891613
0.680589444758866	3.35555795815906	2.49539226228266	4.26449673401379
0.932847999772003	2.04513640754600	2.51353153712478	4.40790261005761
2.08304602693583	0.990102917682276	2.59875390883672	4.46929561527717
1.84715711580117	-0.831481009930367	2.69058486273515	4.47854291362346
2.03486192228126	-2.47316605929100	2.79165746749419	4.37348706913027
3.31803167603856	-4.53762487334411	2.92798126167421	4.23364795591783
5.67733946031181	-8.73067564966928	3.12832853286047	3.89545656560476
6.07942334191426	-10.8527588271199	3.44726358671765	3.38002450396249
1.90830690390029	-2.59869088380441	3.17480387068284	3.06940913687628
2.73749585505046	-3.46292145076614	3.29345455165998	2.91879441553389
1.97372818557065	-1.81010530852309	3.42790523670129	2.78242993695429
1.63963972073650	-0.724175486952722	3.50646622127634	2.73389051307560
1.55021955697348	0.118177115634294	3.60234664843582	2.69259301570938
1.51975960817130	0.928038033315010	3.66904408588195	2.72166369371686
1.54609226643674	1.57569721288792	3.75688585784464	2.79151097508325
1.59777916749457	2.12637400640206	3.82926791500585	2.89123637990200
1.65074756281088	2.57305896757582	3.90564269214023	3.00430724961392
1.68246741829825	2.77595390439641	3.99139149637640	3.12641153475512
1.73192074327676	2.81022311685064	4.07102057978708	3.28229296179078
1.82628431384554	2.61070930380310	4.17067016106823	3.40211441708188
1.92092668363781	2.17072435901281	4.27091499540163	3.54934738487260
2.07589811357678	1.58156464493218	4.36761778422874	3.62065939283079
2.23599330566990	0.919788025557548	4.45450099063657	3.66826717801637
2.33996969677173	0.310663987997607	4.58983675640297	3.70805453090102
2.40050307616754	-0.221022388399662	4.70040371591567	3.71622662939804
2.40127836884902	-0.622989620505641	4.82033025918374	3.70075779239065
2.34161945621953	-0.967308319036172	4.94482830854003	3.64172545212070
2.19277259912447	-1.24423497222424	5.04536627402262	3.60278393400269
2.02521698873991	-1.49186533472129	5.15120338758732	3.53423857337882
1.77645905004766	-1.80814757710653	5.26020516886545	3.44933192458722
1.46592496131474	-2.13232130242169	5.34196666315034	3.35837148819450
1.10624285089527	-2.52608444832702	5.40905777130124	3.23812948550833
0.757568097794593	-2.83178600348488	5.43923510042884	3.08589384523299
0.583804813571774	-2.83400229847892	5.47882781288924	2.95597319038502
0.660661452455765	-2.37870008956449	5.49256098604298	2.82017883580705
1.10267903577467	-1.19908947182926	5.55112507480912	2.73391499106842
1.80823162565430	0.493947332736218	5.63160774118140	2.71170109184088
2.66694488286871	2.38344822531695	5.73120531287448	2.78161984117040
3.34349226705957	3.92388865633474	5.88682198466412	2.95418076107867
3.15813974114765	3.96083823532955	6.03494916128056	3.15852150534253
2.06165370048735	2.37584072560037	6.17985713587184	3.30441544475502
0.420312358669089	-0.273824384144458	6.25533857819144	3.35565173327535
-1.66602205397293	-3.54598667336384	6.21504116972096	3.24457465758921
-4.04061215605988	-7.04404808116818	6.06136662681144	3.00738196821464
-6.50432443768893	-10.2781821611839	5.79636356091904	2.56795785553471
-8.38578919369216	-12.8545182673689	5.44040406931869	1.96155534007131
-9.69881647980441	-15.8963421694099	4.98469639678457	1.25650352976618
-8.72348232652597	-18.3953887297637	4.49887774307863	0.394462091337924
-4.50204414987811	-20.0100299890708	4.16078617046176	-0.560250404582409
5.47474581784315	-29.4134570255624	4.13742842246228	-1.71275296796118
-1.39377977859874	-23.3165841035819	4.35699811562829	-3.13427172061157
-10.3810355774408	-19.8648046182836	4.04756468321861	-4.20775484604318
-14.3799762944438	-10.2907496541335	3.38749040363292	-5.02562673770993
-13.8903612139824	5.18837570313626	2.68622282658932	-5.15199617983792
-21.9038558829243	28.1018458868168	1.82211446163018	-4.35842463872205
-13.5596063206869	6.55006970369664	1.03270359388311	-3.56311337968673
-16.5324672926843	-8.97522303595392	0.271400246442503	-3.60580210020399
-18.4461396022092	-25.8848881221757	-0.625831356526354	-4.49945277447127
-7.51055617403538	-30.1043758271567	-1.31086060206039	-5.96060850016164
7.84561257905527	-43.1606325755439	-1.26671420456547	-7.74412131864302
-12.2367770951362	-26.4855699052415	-1.39788067661860	-9.35835558954474
-19.1025900682523	-6.90865499369540	-2.24676471641141	-10.2642328912031
-29.4220597783424	32.0851056000595	-3.34195028739474	-9.80447618331235
-19.9880750271681	-3.85125605148944	-4.51373796800348	-9.08390044196346
-15.7111597743259	-28.6955537448554	-5.48235899179102	-9.97708848451894
6.21814655108283	-46.0208563698190	-5.75700048489578	-11.7445970348859
-11.7592096087993	-29.4461334667662	-5.82738966432301	-13.6569646343999
-20.3232949255103	-9.53279916094095	-6.71896290969905	-14.7032471734398
2.10562245776404	-3.33843705671371	3.18716500047965	3.03596471374941
2.09339770936669	-2.96211458870576	3.29581710478775	2.86429293494023
1.60910023773467	-1.71426562318559	3.38190093085416	2.76068008554535
1.46455747068915	-0.832526265419574	3.48444158159592	2.66430104769291
1.36567141529838	0.0252988918433001	3.54937040969141	2.66510804601574
1.40345232415449	0.790704941849939	3.58846727610054	2.69669224037747
1.46631675557041	1.47128995821486	3.67436290168015	2.73096724716183
1.51001419709713	2.03481613061393	3.76414056524330	2.84171859269639
1.62358426101101	2.46031829835729	3.83222353995843	2.94898191283749
1.72245173102428	2.69606588663922	3.91194102254317	3.09797421584839
1.80747101613597	2.80871793076078	4.00433218980413	3.22726124726702
1.90083202416654	2.65326543696368	4.10240067863944	3.35608267746699
2.02410072606425	2.29140991996286	4.16876826068626	3.47353498974949
2.18141632583116	1.79423784049376	4.30545321272600	3.56831152039237
2.31218787768265	1.21553128673873	4.40620426683585	3.67138115639091
2.44012234101381	0.636323897693383	4.52487319050097	3.68196430631055
2.49949130290452	0.119866609842734	4.64864283708818	3.72020146330223
2.53054874668719	-0.328770514863351	4.76689211641263	3.70955352851276
2.53566261591711	-0.656447777681033	4.89457651003939	3.69154935130294
2.51046168473482	-0.969996301723046	5.01521951212342	3.66061403670660
2.47763751311265	-1.16439418619905	5.13644366637649	3.58592787440915
2.40249092457711	-1.32277987411703	5.26787745757324	3.55090350614717
2.23686256007975	-1.51666900910710	5.39120231456394	3.45830202276012
1.86297378596124	-1.89672242987903	5.50246564280806	3.38121382617315
1.27468167846579	-2.53477910102221	5.56902766942721	3.26174443194949
0.618867722588283	-3.29895439533776	5.62369832588584	3.10645103929751
0.0622017468029508	-3.85180445668467	5.64166677355472	2.95113302672155
0.0401039605256458	-3.44185257245986	5.62350980743852	2.74701176524640
0.837400827261147	-1.61683556089321	5.65431985303456	2.62898559997533
2.04097649298061	0.930656000303429	5.75770973242520	2.61739040332143
3.23955331237260	3.44260278760561	5.86487211474859	2.72275779204256
4.08012308838821	5.17741681882928	6.02654564633147	2.92432794379981
3.78635752189772	4.93576653126735	6.23918479253308	3.18390346982306
2.31228090428952	2.60450536960417	6.39907792445111	3.37116624250575
0.580429018982013	-0.370670479413956	6.44897638607111	3.43587355401360
-1.01314913136466	-3.07253583325602	6.47647978665060	3.33615959864938
-2.49306364537402	-5.48168877205886	6.35651986214154	3.13666855231852
-2.51602351171745	-5.39125087914662	6.24527758901591	2.85514830856641
-1.30253363210755	-3.16412525273581	6.13968747978523	2.64507660019997
0.466515247392593	0.0322016919566068	6.12238173432699	2.54827357323788
2.36884907149190	3.36600607378274	6.19390320480891	2.65877132280786
4.05394456912320	6.00674400199964	6.37036587246032	2.87277947868131
4.55492648222261	6.49939942839704	6.54857369529401	3.19137727295202
3.44019697654278	4.37287993801605	6.77536005584007	3.47512392120675
1.96312465959794	1.49602521604223	6.92369512632531	3.61290928624003
0.575417502136726	-1.28313906809788	6.96991250286803	3.61375731501143
-0.538402617431994	-3.52834079100022	6.96265329922703	3.50722145108994
-1.20915844185332	-4.85141325632356	6.91055198595027	3.28346962229404
-1.48355907060381	-5.29241753686077	6.85695925234705	3.01925788473290
-1.56721868599734	-5.13481523665251	6.78170221538901	2.74798837201995
-1.61031094374003	-4.60747917068687	6.69121225883450	2.51589402650159
-0.723364397679475	-3.13595088375977	6.63024559589666	2.30935157634992
0.926325306966030	-1.16630103528651	6.63227711703460	2.23125785803983
2.55244390882660	0.312641980823278	6.72764889224958	2.21050041109968
4.22117857208922	0.930194790630005	6.88715543750751	2.22317112329397
6.03723123733608	-0.0694504470934619	7.16019499886672	2.26877803355244
8.72799775842550	-4.10533364078105	7.51058168619336	2.18388559007497
14.4467871848987	-13.9411956921166	8.08794110547518	1.71662684442900
10.3205683041156	-1.55842326368860	8.70329424106105	1.35928619349241
10.6494757046760	7.65753164624818	9.20222778958870	1.49388543752539
2.31598226573378	-3.31555367030349	3.22182428671753	3.05036994305400
3.58547179685059	-4.60187469562703	3.36709904889036	2.85104481555220
3.79247085685510	-3.60006323293387	3.54208079468119	2.61259996868345
3.80474304581174	-1.84609909294797	3.73334728369044	2.50789964989477
3.84844817412652	0.128800946990520	3.92533615567060	2.44488534267912
3.78153260470658	2.13043941786451	4.11921312925173	2.50341563142650
3.47342164199755	3.87332920934910	4.29355060987318	2.65813737579385
2.91841413008423	5.16785098909636	4.45399586085730	2.89622130899667
2.19599949381967	5.92479119649875	4.59377006237121	3.17670314555624
1.43055042669039	6.19131812580151	4.67561083985799	3.47697345309341
0.774730733089229	6.01806876805682	4.73126976379426	3.79816165690122
0.468300858709167	5.32545896691808	4.76372279669049	4.05087258613391
0.638381854057301	3.82351217061504	4.78959735413582	4.29740142553719
1.32744484465266	1.57027015298634	4.82740917796555	4.43466158448696
2.09661087331415	-0.823516830628898	4.91154866055730	4.43938372244719
2.63513479795301	-2.70483810457394	5.04775932567148	4.35874333891793
2.76701651630749	-3.79069026522793	5.18719676650875	4.19224149899339
2.69454435144300	-4.43739633562477	5.32494657248558	3.97754597380252
2.45611064753332	-4.90517903786259	5.44689372809553	3.75603958747684
2.20329017148407	-5.31403900973101	5.58389624445270	3.49681987782165
1.95156653136424	-5.64090740808198	5.65591680424842	3.23998853243592
2.02895773285063	-5.33241014440910	5.75746704646087	2.94739309015653
2.61768873987727	-3.92412091875415	5.86519245630736	2.70845630302861
3.14502552612535	-2.51257865542485	6.00948370766892	2.54787749347143
3.39253038857512	-1.65301057340858	6.16771024048664	2.42967352133473
3.60804540393179	-1.02690960910618	6.34644982143961	2.36484915178377
3.91473633029096	-0.582559309126281	6.53264195631675	2.32727930791449
4.36945711381584	-0.432855736779287	6.74796788672473	2.32679741381615
5.04796584648039	-0.803415914070546	6.98575679413699	2.27585592864316
6.08859107424954	-2.20028842136527	7.25727218199602	2.21281421014364
8.05001138593119	-5.58292890363791	7.59919080021196	2.03965986282520
10.7799705823960	-9.57134832657154	8.09665661422217	1.61393873987076
9.96203329628399	-2.55436181771715	8.61568959426551	1.29241157179690
10.4622000680009	6.11578924092324	9.11993221406708	1.38188963908539
8.06480816473678	14.8693534576618	9.60022466083220	1.91741668965927
-0.588678236805931	23.7295984467115	9.81394426847016	2.85163920509176
0.780861960510032	21.4840779167288	9.70766970204216	4.14716002312991
7.56603653544529	13.3263053160568	9.94865686608634	4.99344471962496
10.0881727243364	5.26262895504439	10.3813545634214	5.46272435830332
11.6615217476014	-4.55585345774214	10.9245999110355	5.49091806048227
14.5006359766689	-12.7073421977031	11.6280543723212	4.97312757931601
11.3276128351766	-2.31276729154397	12.2295299085381	4.61849154840398
10.9449866925321	5.30593041784973	12.7943384204729	4.69888796188151
10.0180291647280	11.4145905516585	13.3293820329646	5.12708282595837
7.10587365379099	14.8399954624344	13.7462464870304	5.77820297963078
2.58734595392803	17.7062665677007	14.0018673080064	6.59784577416539
-2.47617078460063	24.4232591084641	13.9967854360223	7.62498853547535
5.37994842305140	15.4749337958494	14.0304004157381	8.63808033946435
11.4529800887781	6.22827721467689	14.4822204416836	9.20196680199412
18.5572346249763	-10.9914584883760	15.1920668743763	9.10604364685218
13.7237813361503	3.26867343672709	16.0442262824583	8.86230541742405
7.45598594912330	16.5060177113733	16.5839099124348	9.36766516215964
-1.58727592716881	27.7370175361245	16.7231974105877	10.4697183649056
6.20649532732627	16.4437049872349	16.8486942673673	11.5735411761030
10.1007193762278	8.09833585571698	17.2748366477592	12.1836830009956
12.2947084190164	-1.91842586455146	17.8186100300542	12.3533506309853
14.8228868381220	-9.76643650618477	18.5385111488714	11.9698538940933
11.0159824483446	0.986100768454024	19.1470305657599	11.8011301041548
9.33296944409078	8.16850618734656	19.6551495774423	12.0220061681020
6.56895142552351	13.6866255898296	20.0733321620209	12.5570161039623
2.10328302147395	-3.38195406126614	3.21469815486609	3.05070849784532
3.38739446277505	-4.71496076510192	3.35517074814119	2.83744122135816
3.62628164141008	-3.80086343578633	3.52021987481835	2.63116041945840
3.68114090177154	-2.11840329034769	3.70564077676617	2.46913390619247
3.65953761532905	-0.169861725807697	3.89656440503359	2.40313627349739
3.62737977180831	1.79959605052895	4.06181156116424	2.47259614926351
3.47170298129335	3.59469188384381	4.24924727488567	2.58081944896032
3.07471340326906	5.01974091757247	4.43017522611508	2.81268321656223
2.45465220705419	5.92361920864154	4.56155066811240	3.07464907388205
1.66597604258321	6.32181793434387	4.64704127945788	3.37143461343668
0.942036647279484	6.32370195350415	4.72237427731766	3.73685680255164
0.464991392569202	5.82164841035584	4.75784636778918	4.00064986945349
0.488599481662717	4.52451506777009	4.78091369383418	4.27631985318166
1.10566182827778	2.34231782829992	4.80832401084897	4.44811954365621
1.92921939199313	-0.197979180905267	4.87143022777531	4.49572906562694
2.60626556097600	-2.36640528853768	4.99550294479899	4.43991745362593
2.87827176556065	-3.68971047904898	5.15040632598047	4.26457027599821
2.83527995045091	-4.39185268039051	5.28111839509934	4.08628981879904
2.62484548184643	-4.87582588921412	5.43406367798912	3.85147908739596
2.40816029443361	-5.27273952459744	5.56734505585541	3.57915116711311
2.26325290423335	-5.51406060654520	5.67914946955040	3.31865368244756
2.47667288544672	-5.09322148134434	5.78393145330369	3.04309488570196
0.0230353876887423	-8.21062399148074	5.83964478319269	2.72294154234957
-1.60227005921067	-9.76745069118470	5.77542301358276	2.25372658630114
-1.38375510790215	-8.26402128297704	5.71970427982787	1.81033702939513
-0.820987124871373	-6.36109098316552	5.67818844765338	1.44926381572546
-0.418729654604310	-4.75943966097177	5.64949180150419	1.14941570372849
-0.0635984427448239	-3.38771644936263	5.61905664838039	0.959623022222601
0.207373754564380	-2.29087228649773	5.63543759801704	0.805596415115771
0.359486093418386	-1.29722739918722	5.65303070393343	0.726260942102314
0.474789652220231	-0.395537548348348	5.67361410175673	0.693319249878493
0.518258316040645	0.509781329147269	5.67718170141010	0.699561566930004
0.523484997811164	1.43039666962256	5.72072169747485	0.743510431500132
0.370422663847156	2.49882079642896	5.74994754755803	0.832561298815302
0.0963506054311296	3.73260508678670	5.74381175475096	0.993722006927396
-0.436600207710517	4.99237897417340	5.74689359981307	1.20168494509630
-1.23680948293285	5.99953035136433	5.68999841718668	1.49387418476061
-2.31212757654896	6.25570451628334	5.62861119615624	1.79731634835013
-4.49440440350482	4.31663022316053	5.44106907102996	2.05966642910935
-6.33517441085311	2.82774899228075	5.17978825261419	2.24127083182338
-5.40659495582007	6.20891209891789	4.87452868968339	2.49537933142174
-7.94362428484575	7.98417923969017	4.56039471647878	2.80809178102125
-11.0401769330496	15.5979103691973	4.10677618079234	3.36471522592330
-11.6905721650221	14.5955382505311	3.41876049630007	4.33874994802691
-10.4062710704581	4.29110233540161	2.89385764198810	4.81470119527992
-10.4637073220360	-3.77038609760964	2.38366568540446	4.79510666112523
-10.3753254013623	-9.89842931098478	1.86368973940564	4.45365638581884
-9.22062683976158	-13.8704041287689	1.32587387829208	3.82343087178232
-4.84609923520311	-12.5472675270978	1.00825558843839	3.15342184644829
-1.62407130414008	-11.0624904461776	0.850685523897642	2.57311879168293
0.458202533058061	-10.2606293813920	0.816184978506557	2.02231525892313
4.17638182525300	-12.5257190171010	0.911790375609284	1.47313804085349
5.93909013753808	-13.7859992454947	1.22174638236343	0.783591827980786
3.14719073102551	-9.19992020296802	1.43988957903612	0.247703665865947
3.56062330477410	-8.36827882409315	1.59081874387130	-0.185966345982291
5.12423935815609	-6.59090589056502	1.79080399219733	-0.599467532304937
7.90097536720650	-2.55221430607808	2.10614957645356	-0.828378960683658
9.25475869550947	-2.03805212187148	2.55513796774488	-0.921376400873257
7.49986216063337	-8.35427394920852	2.97365327033327	-1.18853390076123
8.69073241946834	-14.3948380307071	3.36883054329786	-1.71628103605231
2.21481313069510	-3.34212087890053	3.18158476020152	3.05618887333217
3.54267487018243	-4.69955237469671	3.35084047466865	2.82585701184764
3.79314021896659	-3.74367405633774	3.52616293812896	2.63453437421477
3.77528331797060	-2.01250090143148	3.72585361581301	2.47445757114879
3.58616377148663	-0.00421478539692477	3.92183991934086	2.41472336205506
3.60272559342038	1.92700456496412	4.08735976561232	2.50062164257776
3.56899213442705	3.72117313963003	4.26548801732573	2.63613973621986
3.23224368301008	5.17186043953370	4.42742196834953	2.84895748071175
2.57662332000873	6.07581048381586	4.58619238148308	3.14044492973801
1.68263413863741	6.50314933477695	4.68363822346728	3.43770907481651
0.894885127017160	6.47501946868019	4.73722466233974	3.76777599374619
0.427883887537609	5.91478428494804	4.78570023843714	4.09524740980738
0.516029283966659	4.51673670122794	4.80548844410531	4.36112036559393
1.16779501599969	2.15902240366484	4.85303414587361	4.52195589808057
2.00562609205956	-0.413531516097649	4.91415378707573	4.56719597819326
2.71483779971456	-2.59471246788244	5.03405911751714	4.49192991350807
2.96375041921280	-3.89849476802880	5.18064343352763	4.31651788831056
2.88097512496411	-4.57289741914274	5.33286166877730	4.12251786766111
2.63179187779559	-5.08204882641928	5.48351461549929	3.84631893215396
2.35409091194950	-5.53358967331526	5.59250635325158	3.60189629546598
2.12987612322340	-5.86023907188501	5.70226846711544	3.29051329085907
1.98479386786463	-5.91537070291061	5.82119179619539	3.01860800769493
-0.620957630271329	-9.25615507601680	5.84907297725098	2.62015638394077
-1.69315537311402	-9.87857829467240	5.76625815030831	2.13626271328626
-1.11949174179720	-7.87608453406895	5.70559757502519	1.69516055811714
-0.645889579254294	-6.10173675433633	5.66205660451396	1.33792666071914
-0.236144368259448	-4.55874777610710	5.63464925489515	1.07490032651822
0.0997353873375596	-3.31566886548558	5.65023727307217	0.888051412416481
0.292301079800847	-2.30175137210148	5.63950015235029	0.756583670049030
0.468217560985341	-1.43396648348009	5.65362730174442	0.645325839032044
0.646457798082728	-0.683313458414198	5.68881847744565	0.590258446388814
0.594060788872927	0.103307779024284	5.72268920839018	0.578449903284270
0.225950486507355	1.13509292979283	5.75641954363773	0.608160857206024
-0.686809792161744	2.56046212287263	5.73229645446072	0.705980585876698
-1.91366812818728	3.84368189298798	5.67369943350652	0.858063758604214
-3.13465789110452	4.41830993167982	5.54950359808868	1.07477242231350
-4.50938933676239	3.93998669832572	5.35598447768297	1.31758459076714
-5.75814257714520	2.73561700772882	5.08154000484023	1.46898288522272
-5.15128986018159	4.41085287760449	4.82448095037838	1.63199558502128
-4.27652056534059	7.45682828784522	4.60701442601571	1.94420329246875
-6.64768516763573	7.95261593320962	4.30589383419888	2.29044696823604
-9.02348627485669	13.2326076689991	3.92195680450283	2.81056894709321
-13.2253669814724	20.4174500073948	3.29814443331698	3.78180721685113
-9.17864749758136	8.86427514291919	2.78527992663373	4.47085807493984
-7.84871273388608	3.64597562087852	2.36279095533709	4.77477648894432
-10.3792281179890	-3.90082242970483	1.93832795038897	4.76800765486580
-12.3882244647219	-9.87023782917532	1.33482814859011	4.38642541192249
-13.2345823094622	-12.6680661872779	0.710439352035425	3.83954763157863
-13.0567434808345	-12.8066201325619	0.0164851542574393	3.21332430868109
-11.5185359020747	-9.71620776706711	-0.568344782877952	2.63955148312701
-9.70931996858326	-4.99927812176576	-1.08928835918238	2.25777107880546
-7.67851818187783	1.01685457032268	-1.51492016983609	2.16153509058345
-7.21402466078629	5.61614227777249	-1.90462076334840	2.34625224927149
-10.0174624422628	11.4873767673315	-2.31889192283780	2.73784651467479
-13.7478044606604	20.0459522281316	-2.95501470026223	3.62129662396492
-9.63953123628005	8.03326588741998	-3.52202685501001	4.28743217188914
-10.5259582705312	-0.743435753838890	-3.99540556919987	4.46425222358927
-9.83310364912869	-6.97690263077477	-4.50164638946984	4.27289144777181
-10.1887302566243	-13.1275017159916	-5.03677165340916	3.73272041956243
-5.81902463749388	-12.2036928267049	-5.42762313958644	3.07893188400336
2.23026874454431	-3.15692587356641	3.19209459822937	3.06638355287464
3.56030088222611	-4.61880392000446	3.36755122572137	2.87925961188479
3.66444940568704	-3.56246179688747	3.51921632376828	2.66056358562077
3.64133242419060	-1.92395319181987	3.72868113751993	2.50516474727780
3.69067617257583	-0.0316741623956778	3.89446978313518	2.46685267375275
3.70841617090851	1.88141284224439	4.09124753825879	2.49236279008363
3.58885131218169	3.70352868735084	4.28824910691132	2.66811086358345
3.19674911636069	5.08671988643199	4.42696740670040	2.85035435989415
2.52855458429615	5.96269526905693	4.58990588210260	3.16485856262900
1.65253759628651	6.36059919786103	4.68674623292225	3.48345732995045
0.857215038055835	6.31145465921442	4.74442852234744	3.77477661221956
0.446238146004021	5.71721042053841	4.78184243829445	4.07837350708355
0.564741451733936	4.24225834902171	4.82213109513703	4.34179602123555
1.23636450822697	1.94554566161876	4.86024150871846	4.48468672784962
2.04641416128443	-0.572780203146862	4.94716137224028	4.52078956223839
2.67837552509874	-2.63534079845782	5.06165044527479	4.46246289529184
2.88623591778811	-3.85398860660482	5.20003242910479	4.27832783979957
2.82533113795318	-4.54179449175695	5.33780333672836	4.06453378013007
2.59765868601810	-5.01248533533144	5.46598436561902	3.83452044074773
2.38574598784691	-5.46021983628809	5.59305161830103	3.56665367781834
2.25822857478806	-5.66434667912591	5.70427745345160	3.28081043908868
2.00332588236245	-5.77269536357929	5.81844640373941	2.99831819608440
-0.500056860985824	-9.03630428088967	5.83394102884934	2.61704641382572
-1.60611107242656	-9.66413619447568	5.78553170713105	2.13105456465122
-1.20749619524721	-7.92747645456000	5.70344755722637	1.70230626651586
-0.842045224815435	-6.24652293402790	5.68070938640394	1.34782155066052
-0.448669604675611	-4.70505307793077	5.64701550439062	1.08366371443519
-0.138120930859312	-3.47584892490390	5.62131607044100	0.889671511444100
0.138228566033338	-2.47881438735033	5.62275022246486	0.738839757930515
0.343242998422101	-1.62396388004487	5.63446657251368	0.614911618654596
0.546625708788947	-0.913135579838864	5.66808285082752	0.575673425731700
0.822472587620516	-0.353284431452239	5.70219464276886	0.519090816947738
1.17219282623827	0.0708916512899687	5.75904053909924	0.520217589381538
1.62069533541026	0.336181245357304	5.80475778555767	0.529038451935110
2.19867440524030	0.367407515142376	5.90706644137159	0.550936639505635
2.98934581824553	0.0647344380481217	6.02277509968771	0.559828776481977
3.39686707850613	-0.137993141526796	6.20045646629170	0.557592764267599
3.13637757063147	0.579734511011818	6.34849581638798	0.573142566512878
4.78373722032030	-1.34338258545164	6.55236358379860	0.562425143938884
2.92467376158485	1.94325596618648	6.74972319511009	0.584810368833771
5.65527044176163	-1.34818546639900	6.95509728533246	0.605693216316880
4.23590334695580	1.92940793951956	7.20179060376144	0.610197319792769
6.50422091540761	0.622842758899312	7.48837702297768	0.682085742452508
7.97910284212415	2.37351988073229	7.84667607267905	0.730788975840369
6.36308759521423	8.05160751192289	8.22217512450435	0.998161089118253
3.23154581911330	14.0872352952531	8.43716492272768	1.51913505330217
-0.267402000188415	20.3145811081780	8.51229792864791	2.43083761817154
4.57703508780808	14.6426367614615	8.60777599753738	3.32176822386922
7.52148138566935	9.37979875713608	8.93386424002009	3.92938281187177
9.67094579505136	1.73776730694814	9.37069385156785	4.21405114916178
14.2098374945452	-11.1614822674880	9.94022622799789	4.01144024447652
9.79443167477162	-3.90242993546110	10.5891675353014	3.53126318586205
6.26139352530320	2.35949878753579	10.9620532360355	3.52107818175102
5.28508368803652	4.56485217427270	11.2527063602472	3.71045585926231
4.72185011987992	5.69427425302734	11.5107883206880	3.96055285945797
4.19456120171173	6.15352936947188	11.7074362113944	4.23637048292969
3.85053568310720	6.01845722917216	11.9246185816298	4.56919530392193
3.85261048537349	5.49032368302798	12.0917448588822	4.85174606470424
3.54927648185376	5.13484296861537	12.3070375175115	5.12054716299237
1.53741464423910	6.32699523295494	12.4246380021617	5.42038229256298
2.20106278643428	-3.14804544828389	3.19945831514932	3.04594118873613
3.52953342614006	-4.53638964393852	3.33014424698920	2.84300699821044
3.80303198842046	-3.62047539755637	3.52995502321082	2.63593928700441
3.79500797260144	-1.85941827178081	3.70626431497453	2.50729820426637
3.78383256594091	0.102275172442587	3.90365654520421	2.48519976782214
3.75745240818225	2.08061142881870	4.09658171587275	2.51382967885080
3.60036265634560	3.89175186635938	4.29202163591529	2.65643105486493
3.17137281948615	5.27859621101116	4.46174500357229	2.88504819643160
2.46429961448683	6.14155156883548	4.59345286633712	3.17271184456120
1.65135623866544	6.47709298155775	4.67355901175091	3.48367288419383
0.909546297193845	6.38066614254616	4.77055864123061	3.81797955357279
0.461951921736656	5.75427482698671	4.81036869759350	4.12090058149410
0.589317014298422	4.29507467278839	4.81967276893375	4.38230168686355
1.30877149897291	1.86059199320938	4.86885317898847	4.54443513323308
2.18601678423585	-0.737587820158803	4.95136964418796	4.55052133654877
2.79136888674933	-2.76368746353761	5.05650991280335	4.45345895281053
2.98635966168900	-3.95173796450983	5.23444528757557	4.29378764317061
2.87562895136699	-4.58075417647263	5.37293251718838	4.09130467209821
2.62004878934376	-5.06716362643899	5.52155138094345	3.84537374606173
2.30351386645651	-5.56482571426546	5.63017298515630	3.57632388638087
2.13705551455978	-5.86393846714692	5.74670972486717	3.29390304187510
1.67604402346581	-6.33250318671278	5.84794524852146	2.99877798868053
-0.661529884012304	-9.27863494272927	5.84730749920768	2.58785948886761
-1.57653627482849	-9.61204210280151	5.77545334367586	2.09360483920086
-1.25594916608272	-7.95294606046336	5.72990472936563	1.66082929051820
-0.882338865361890	-6.27934181626905	5.68389688932142	1.30398619666507
-0.455985626931369	-4.78197300327872	5.64578222776806	1.03865442522366
-0.120394363900984	-3.62922307722225	5.61302115207920	0.818969030839794
0.174955130432415	-2.70529479198119	5.62518412405283	0.662327131027328
0.369575092303956	-1.94419094062462	5.62262302781807	0.553007232253655
0.541919570562733	-1.34125726048600	5.67026598311744	0.462561187763498
0.649539599393944	-0.835558068269628	5.69838655593273	0.410754580761287
0.815293030067046	-0.451014319872113	5.72372878178077	0.389079407243571
1.12041368618683	-0.231507299137235	5.77775252828811	0.365881392957349
1.42625675125902	-0.116784849452421	5.84657034595768	0.359653518278816
1.83803840482138	-0.212898146706359	5.91349307820021	0.342758419044036
2.23369099033580	-0.340839387390962	6.03000031382981	0.342092054860526
2.82423799828307	-0.866980110186762	6.14925814839428	0.306001607677787
3.47497411569616	-1.63859753979096	6.30792798616158	0.234045983275231
4.60677785918213	-3.09934133327623	6.49627678819439	0.129845241229212
6.30369618898116	-4.69090733350196	6.77510904618485	-0.0784596862787769
6.66515976684366	-2.99637684994705	7.10489103670018	-0.283399343464998
8.33801137313018	-0.00328245247186192	7.48208460681723	-0.365772517317674
8.54331136342466	4.83201498635027	7.89173526520954	-0.238869825829000
8.21129790328669	9.65713800840241	8.31836554228069	0.137590526345369
6.00251214596439	13.2847282521354	8.68771121748785	0.699551722566375
2.97805196602333	16.8441784904765	8.91204878560983	1.44803740505612
-2.26594623327259	23.8886189383390	8.93886631016036	2.44336817920022
4.15913948078304	15.6006327097156	8.94542012826195	3.48746337499041
7.16837461549822	9.93347425734006	9.25626157956888	4.13837812047063
7.85850787658767	4.14617127553334	9.63810060495722	4.46368088564141
10.4834568579122	-4.54233963783567	10.0842116706447	4.47455067341058
9.13418813633241	-5.92511330628842	10.6226082442115	4.15893035923062
7.92395856412899	-2.90489788286938	11.0409754086103	3.92540218780120
5.22882164659155	0.904913677568640	11.3612334661860	3.86200248470427
3.03162894260371	2.05641031840489	11.5566523807918	3.95014629289323
1.00301023590700	1.99695925204374	11.6583141896334	4.06116231730060
-0.752886431448223	1.55799223765075	11.6561009608187	4.15179446691623
-0.376615960568739	0.0960506968927929	11.6373532267297	4.20830977801539
0.000482825402371686	-1.40067326687470	11.6179963047687	4.18421418607749
2.13893578866866	-2.85953996129668	3.16405732559796	3.07594313800396
3.57590916689121	-4.52580699024309	3.33302719550473	2.86742451317757
3.80841122658908	-3.71876316083375	3.51837047924967	2.66944037768516
3.75126008644996	-1.94212217879704	3.71267057385616	2.52939488367620
3.68845787945951	-0.0270831535492333	3.88432135318944	2.47464542366087
3.63044305458616	1.85018769897068	4.06332613404378	2.52763328961456
3.55001810783222	3.63002653277268	4.24292711799772	2.65712343516895
3.19812089383746	5.05806916647776	4.42576367148970	2.88660708982509
2.59410784978987	5.95822893881851	4.56588792041306	3.17187941611432
1.76862970472064	6.37537922360231	4.69860925392787	3.46577787696466
0.956443423353071	6.35471160921914	4.74634344653330	3.78677198370614
0.480222776079648	5.78703979458097	4.78838322547121	4.07738510536817
0.569315078334370	4.39029560775456	4.81163558851007	4.34683576221520
1.25759590457630	2.05318090766602	4.84626941873146	4.50331752153427
2.12110817726347	-0.560948059500117	4.92498331403489	4.55621132004542
2.75985037360422	-2.65721088107768	5.05925819950599	4.47989170629750
2.97052189679429	-3.84023964394508	5.21645878863162	4.28547261290994
2.87732370557464	-4.48489635851375	5.34915523779723	4.08618835267269
2.63863546492314	-4.97197939514741	5.49514251896164	3.84199342943879
2.39433585705724	-5.42757453666574	5.59760968398930	3.59971914311418
2.27814325971167	-5.63407094086309	5.71710420922781	3.31632863785588
2.19864550974386	-5.61473344349653	5.85122212567241	3.03104735308073
-0.535184933390383	-9.19357464551509	5.87569214316376	2.66791887688122
-1.48254783267215	-9.63669437942978	5.82776777976196	2.16358888199756
-1.40630173199864	-8.29499994471334	5.74915717338309	1.72380303250952
-0.976127054752526	-6.60119671038399	5.66932079104505	1.34609071202715
-0.501250377884808	-5.07835832785512	5.64389455267309	1.06240012557372
-0.0861846153962518	-3.85651863802874	5.62249866395887	0.822082247558135
0.237440234560014	-2.95811756220955	5.64204210673403	0.678008654314154
0.508537045444158	-2.26822645701985	5.66881085223656	0.549414630979691
0.686652656049389	-1.71857228197618	5.68873707702521	0.426516864504019
0.649911813289761	-1.15071823708857	5.72102225303161	0.379295944040094
0.739417903285726	-0.721116260337801	5.75218140696366	0.314090636597991
0.729579996898925	-0.308736210504973	5.81202200091880	0.305330204600661
0.879835835421991	-0.0674620710280824	5.85475131976136	0.277466407203344
0.953061434000796	0.222141069260374	5.87156836407359	0.287133581384642
1.32161137184482	0.151743760437666	5.93595077063132	0.308594157726575
1.59360796438739	0.203751559421845	6.03802241682406	0.297536029041927
1.04433925694035	1.27873916587004	6.08316690843309	0.348071013346614
1.70891560803861	0.909067399930762	6.16232997519431	0.396007141685898
1.76215192614632	1.33795274158724	6.24342628249569	0.469338281135646
2.01003108592564	1.59383433512413	6.33107987700506	0.553905868234502
2.09116167886081	2.15071712192484	6.43633160415145	0.631403384479118
1.89319836807159	3.19251650199048	6.55282209918425	0.771227881748850
1.94340066187873	4.11257583680068	6.61742528023894	0.955512144829327
2.39254543625858	4.63526615232106	6.75967209654103	1.16238047189554
2.70401514935895	5.37495919739243	6.86115699393189	1.41415572736748
3.73150895905908	5.30350955644022	7.01485572334284	1.71032308300827
5.00001058055347	4.50123989479001	7.22017957308164	1.93733073525430
5.79021888343637	3.34222639850810	7.51174678430869	2.14612376893930
6.35441528210744	1.91180247609408	7.82649805382122	2.26743911999732
6.90699726296736	0.453914588235833	8.12279879133799	2.32091750799183
7.51120803302078	-0.489810993584118	8.49238592378124	2.35035603397531
9.61158900058461	-1.43587147582831	8.95373123398966	2.22339823530633
9.20006766516015	4.32081250700040	9.41052863948485	2.28010750710204
5.81102012602507	11.9605143036774	9.81674553714637	2.71832029495856
-1.01069447992456	21.2041938199198	9.92833042806808	3.49919292588125
2.40550800286354	15.7822391913391	9.94756538471528	4.48609689860377
4.50918910210720	11.9320165561344	10.1009497430056	5.17074662301791
4.97518717392063	8.95221751931054	10.3751318745352	5.69306094360353
2.00068844021878	-3.05616793386131	3.17753873825694	3.03236321880697
3.36116989497317	-4.55517294310811	3.33506768315994	2.84720972375877
3.66370043640694	-3.73837137839370	3.52240570607312	2.63894170084321
3.80862746076469	-2.09161566854856	3.70168908056860	2.49475791950318
3.96375289166402	-0.153126580317819	3.87076755571885	2.42792638180552
3.86693951316180	1.96567556736237	4.08421643373554	2.48754428629612
3.69988958389378	3.88112319353575	4.27231162439318	2.61513964080523
3.33947191640230	5.38740041562187	4.44947967940624	2.84205052499872
2.60896521542142	6.30946994443816	4.59679292453616	3.12987262379352
1.73457763225908	6.72981907796707	4.69719904675107	3.48250182933692
0.896172938315780	6.70545244064298	4.75561486125244	3.82499080819454
0.343480724921343	6.19818051465094	4.80163859431246	4.11776850041669
0.443845124281746	4.71629654706215	4.82146168288654	4.41253205511233
1.19947117656533	2.20334405543359	4.86152408584806	4.58913488568785
2.16270034757858	-0.578932864744309	4.92518744127884	4.64534167096050
2.87169135253028	-2.83639771651741	5.08573309703704	4.53405173784522
3.04565569910821	-4.05643714472569	5.20418801829640	4.35984196322940
2.94897388691390	-4.73619577852401	5.34648665260230	4.16161094387249
2.71498088169427	-5.24296732893454	5.50211973710558	3.88843561661496
2.45257927787280	-5.69201380466495	5.63355854693788	3.64266251426268
2.14798143199175	-6.09624478524686	5.75385282869706	3.33446594066687
1.89591482626069	-6.34237189381919	5.83588638772968	3.00450915852914
-0.527276592101033	-9.45085348076186	5.88397105162180	2.60488940306717
-1.45502155992774	-9.79398055218251	5.81115737261435	2.10345088251918
-1.14685550946820	-8.13120744984847	5.76413014819357	1.66581975328606
-0.807861291746756	-6.48573422973784	5.71101012698622	1.28238700438574
-0.250109207621705	-5.01122510292481	5.70446059913904	1.02243883019557
0.114747370629800	-3.90496222292861	5.69227288759351	0.789621630711689
0.414322798654195	-3.09394811062185	5.68916669900903	0.608331967105335
0.719561943657902	-2.50435363379143	5.75241151269551	0.471733235927173
0.873595871436696	-2.11845735400779	5.78402035286802	0.375407296719616
0.910537859690748	-1.74826060254352	5.81421217384991	0.283428418748079
0.738208863538493	-1.25312757431363	5.85959114156111	0.190520830039214
0.380101544945695	-0.542803159154304	5.89149047087970	0.152872898974818
0.404015403765939	-0.349013705073312	5.89824456214337	0.127070572293309
0.476349614825104	-0.269626686638615	5.93317631576549	0.120028683470100
0.651114915618302	-0.353059835693252	5.96212429654925	0.0944923442211164
0.595037689373334	-0.162399198674479	5.98777846828787	0.0881069523199582
0.751522591327082	-0.294253164614389	6.01106013203527	0.0743707721386899
0.719568771870556	-0.168320352903635	6.05279057604203	0.0604137992101459
0.737931599395043	-0.0964062264725977	6.10201617698149	0.0450030688657318
0.662595585264476	0.0517585835705286	6.10870090120509	0.0527796528914813
0.967769122646226	-0.291845089708285	6.15501323347760	0.0485822374110848
0.722163435885350	0.130762648643902	6.21351309169669	0.0551443145694821
1.06577715036773	-0.310700518252146	6.24270918418653	0.0423105835259610
0.677972229453324	0.333886996482731	6.31391906978467	0.0456422059306460
1.03738052468400	-0.160521464822232	6.33512956077917	0.0412100367399771
0.689387792598508	0.451047986894425	6.38480922728968	0.0577659693986726
1.21653364543433	-0.238749192334957	6.42408159758017	0.0508340224763596
0.669917276007965	0.650671880900150	6.48833009373726	0.0841143896595389
1.45377499213079	-0.345236491052969	6.51678778531795	0.0836595265679131
0.848136413183327	0.662801349914595	6.57666283391188	0.0965737194899756
1.47251789283871	-0.0512907108648310	6.64528740030189	0.0975375523294749
0.965130845668067	0.839544264689098	6.69903611827955	0.142961947411187
1.64913916286635	0.132146273348358	6.76781237699783	0.149290680577663
1.29500252180108	0.890430282125281	6.84514104227755	0.160681887189260
1.49971638430648	0.975189665880660	6.92094379357737	0.259241184582233
1.92981070851103	0.843010110747915	6.99210981191622	0.278290430309747
1.86424274784536	1.46255383562798	7.10601805185091	0.312640702543817
1.90976961113055	2.07484348382745	7.19059873147008	0.417711640460746
2.26046572664061	-3.47964027090986	3.17420383135654	3.04705320112168
3.54079942085234	-4.77712979922209	3.32488882406560	2.81506511209905
3.79276217968379	-3.76126245368487	3.50646025250383	2.57857825525964
3.88536274687339	-1.97447695401057	3.70250730096837	2.45793743401486
4.08122326785267	0.104141209710323	3.90687022260288	2.39584196877380
4.27189613591184	2.36988322640123	4.12108707069751	2.46374980980049
4.21015923265207	4.55105203620089	4.34063913827652	2.64764220508095
3.66518544965552	6.19234404373676	4.52514490507864	2.92278988507027
2.58396992433999	7.07993318495538	4.69131796493208	3.24244850426926
1.33819550965363	7.45960868282812	4.78995404174053	3.60042103300063
0.380677321704042	7.33907235870758	4.83061593396154	3.97361933880359
-0.0241580125427779	6.55224603736861	4.81990907677748	4.30866500016587
0.443846068481002	4.46286798870677	4.83737805151198	4.60387474575386
1.48549894988702	1.45763535252650	4.88714905040371	4.76183033144786
2.56665172560780	-1.57412862683211	4.97450620290524	4.75835899373200
3.31739541527596	-3.83762371389835	5.13996615534077	4.60250119165396
3.41646103713530	-4.85623598175489	5.28593009841066	4.38769367595454
3.21210299175524	-5.33174055949235	5.46810106213086	4.14473229278105
2.93077697449593	-5.71906503199929	5.62065697385955	3.87508259525461
2.52537355703786	-6.24489956558924	5.77356883264910	3.57748283310520
1.59338065211408	-7.42386005843959	5.85115426915894	3.24031350234521
0.163259131216732	-9.27375701531110	5.89453817272381	2.78623220097600
-1.28687031896505	-10.5949316501976	5.85976936070701	2.27756543613477
-0.728782420071184	-8.68807563543279	5.81415127762878	1.80185151007941
-0.386099074549043	-6.98381687829580	5.80059732184188	1.39854513374148
0.251447738414213	-5.40150576466661	5.78604956264696	1.08483383262382
0.759269494289141	-4.27178504982684	5.82233603977460	0.855422583590676
1.12116200196965	-3.52161650470983	5.88560384388657	0.674487206475857
1.40195029472948	-3.04770571284198	5.92649102284435	0.516316830107930
1.61137499942468	-2.74912526009173	5.98949489808207	0.375868702708951
1.54998048624218	-2.36338245267171	6.09659255204359	0.229634138447212
1.00649591099535	-1.36137478286305	6.13015834790668	0.159463199227910
0.907275883321221	-1.09390189847285	6.18089834724740	0.0885559666483285
0.677924535750153	-0.645578209828877	6.21412257707800	0.0312845462454040
0.534927036344794	-0.389013072705273	6.25629416777419	0.0196178078352242
0.609576812538297	-0.542336660243829	6.27748317370392	-0.0180272434608054
0.305783491208791	-0.0656640818044282	6.31716466348735	-0.0341609618006339
0.367446694330324	-0.205943835672340	6.31836891708929	-0.0236572925029232
0.383324333722811	-0.282186841600912	6.35122775528441	-0.0373490436706284
0.238110007562448	-0.153429586017890	6.36227025976154	-0.0644401504422179
-0.00386837825785959	0.183885299388681	6.36905629341894	-0.0459972899300308
0.177193736293304	-0.170637526280961	6.38518949680203	-0.0459478052272390
-0.00257950556738718	0.00689223121301420	6.37912203168758	-0.0738282138925931
-0.304460039245337	0.366148490777096	6.37203581756789	-0.0426586163041179
-0.0735737195450478	-0.0285165007947328	6.35206589358985	-0.0356872107154825
-0.203162523508029	0.123391191446180	6.35034087084916	-0.0356781299828479
-0.225933402864199	0.109518833126066	6.34852645049143	-0.0195669389861306
-0.204748839692613	0.0293504089963354	6.33598346100184	-0.0364814715627452
-0.476333787837005	0.417755581447383	6.32758728708271	-0.0162516855404230
-0.230551776763769	0.0541721998681721	6.30039305822347	0.00126154752593862
-0.266335569589132	0.0839171493310234	6.26241989522924	0.00478795638424126
-0.291945866514926	0.125779284319789	6.27416293323260	-0.0102884152895139
-0.474871768029995	0.427079738562874	6.24286335268448	0.0112854401172627
-0.208932172037214	0.0863702316601878	6.24647280972186	0.0280843672353075
-0.128540108490533	0.0156043813793272	6.23551746996493	0.00829851553106411
-0.309932828621699	0.314730511236732	6.22537756928731	0.0444568531514681
0.0972364315789638	-0.262899800327459	6.21434841682763	0.0420944419613430
-0.00980813648828459	-0.0248231935099535	6.22525675986773	0.0257773918393643
0.0235184259086892	-0.0157515003260599	6.23101773445774	0.0356572705081673